1 0.7594975490196079 0.7532679738562091 0.10232843137254902 0.14133986928104575
1 0.22809436274509803 0.6527777777777778 0.09099264705882353 0.13480392156862744
1 0.3399203431372549 0.5500408496732027 0.07138480392156862 0.10334967320261439
1 0.11580882352941177 0.5890522875816994 0.07965686274509803 0.12908496732026145
1 0.052083333333333336 0.5063316993464052 0.04656862745098039 0.07720588235294118
1 0.13020833333333334 0.5061274509803921 0.05514705882352941 0.06454248366013073
1 0.1400122549019608 0.4303513071895425 0.0392156862745098 0.06004901960784314
1 0.17677696078431374 0.4728349673202615 0.0392156862745098 0.06821895424836602
1 0.23606004901960784 0.4309640522875817 0.04136029411764706 0.06372549019607843
1 0.3002450980392157 0.4448529411764706 0.04105392156862745 0.05555555555555556
1 0.3598345588235294 0.44607843137254904 0.03768382352941176 0.0661764705882353
1 0.22227328431372548 0.5394199346405228 0.06219362745098039 0.08782679738562092
1 0.40058210784313725 0.44873366013071897 0.03155637254901961 0.06413398692810458
1 0.4632352941176471 0.3625408496732026 0.037377450980392156 0.0690359477124183
1 0.5094975490196079 0.4107434640522876 0.03002450980392157 0.06004901960784314
1 0.46798406862745096 0.46262254901960786 0.03768382352941176 0.07312091503267974
1 0.5669424019607843 0.4824346405228758 0.04932598039215686 0.08660130718954248
1 0.5055147058823529 0.6535947712418301 0.05759803921568627 0.11029411764705882
1 0.9529718137254902 0.5535130718954249 0.07628676470588235 0.10702614379084968
1 0.7356004901960784 0.4993872549019608 0.05269607843137255 0.08782679738562092
1 0.8668811274509803 0.4899918300653595 0.057291666666666664 0.09272875816993464
1 0.6018688725490196 0.46854575163398693 0.030330882352941176 0.0727124183006536
1 0.6507352941176471 0.39950980392156865 0.02696078431372549 0.05310457516339869
1 0.617953431372549 0.4021650326797386 0.028186274509803922 0.046977124183006536
1 0.9770220588235294 0.45159313725490197 0.04595588235294117 0.06740196078431372
1 0.9407169117647058 0.3984885620915033 0.03829656862745098 0.05514705882352941
1 0.9030330882352942 0.3790849673202614 0.030330882352941176 0.04820261437908497
1 0.8547794117647058 0.4109477124183007 0.0392156862745098 0.049019607843137254
1 0.8031556372549019 0.4305555555555556 0.0352328431372549 0.06454248366013073
1 0.7549019607843137 0.40625 0.034926470588235295 0.056781045751633986
1 0.7081801470588235 0.39195261437908496 0.030943627450980393 0.054330065359477125
1 0.4918811274509804 0.4624183006535948 0.011948529411764705 0.04575163398692811
1 0.4877450980392157 0.7877859477124183 0.04718137254901961 0.1482843137254902
